INSERT INTO `qpd_kra_quarter_mapping` (`kraId`, `quarter`, `year`, `bandId`, `departmentId`) VALUES
( 1, 4, 2011, 8, 6),
( 2, 4, 2011, 8, 6),
( 3, 4, 2011, 8, 6),
( 4, 4, 2011, 8, 6),
( 5, 4, 2011, 9, 6),
( 6, 4, 2011, 9, 6),
( 7, 4, 2011, 9, 6),
( 8, 4, 2011, 9, 6),
( 9, 4, 2011, 12, 6),
( 10, 4, 2011, 12, 6),
( 11, 4, 2011, 12, 6),
( 12, 4, 2011, 12, 6),
( 13, 4, 2011, 13, 6),
( 14, 4, 2011, 13, 6),
( 15, 4, 2011, 13, 6),
( 16, 4, 2011, 13, 6),
( 17, 4, 2011, 14, 6),
( 18, 4, 2011, 14, 6),
( 19, 4, 2011, 14, 6),
( 20, 4, 2011, 14, 6),
( 1, 4, 2011, 8, 7),
( 2, 4, 2011, 8, 7),
( 3, 4, 2011, 8, 7),
( 4, 4, 2011, 8, 7),
( 5, 4, 2011, 9, 7),
( 6, 4, 2011, 9, 7),
( 7, 4, 2011, 9, 7),
( 8, 4, 2011, 9, 7),
( 9, 4, 2011, 12, 7),
( 10, 4, 2011, 12, 7),
( 11, 4, 2011, 12, 7),
( 12, 4, 2011, 12, 7),
( 13, 4, 2011, 13, 7),
( 14, 4, 2011, 13, 7),
( 15, 4, 2011, 13, 7),
( 16, 4, 2011, 13, 7),
( 17, 4, 2011, 14, 7),
( 18, 4, 2011, 14, 7),
( 19, 4, 2011, 14, 7),
( 20, 4, 2011, 14, 7),
( 21, 4, 2011, 2, 6),
( 22, 4, 2011, 2, 6),
( 23, 4, 2011, 2, 6),
( 24, 4, 2011, 2, 6),
( 25, 4, 2011, 2, 6),
( 26, 4, 2011, 3, 6),
( 27, 4, 2011, 3, 6),
( 28, 4, 2011, 3, 6),
( 29, 4, 2011, 3, 6),
( 30, 4, 2011, 3, 6),
( 31, 4, 2011, 5, 6),
( 32, 4, 2011, 5, 6),
( 33, 4, 2011, 5, 6),
( 34, 4, 2011, 5, 6),
( 35, 4, 2011, 5, 6),
( 36, 4, 2011, 6, 6),
( 37, 4, 2011, 6, 6),
( 38, 4, 2011, 6, 6),
( 39, 4, 2011, 6, 6),
( 40, 4, 2011, 6, 6),
( 41, 4, 2011, 10, 6),
( 42, 4, 2011, 10, 6),
( 43, 4, 2011, 10, 6),
( 44, 4, 2011, 10, 6),
( 45, 4, 2011, 10, 6),
( 46, 4, 2011, 15, 6),
( 47, 4, 2011, 15, 6),
( 48, 4, 2011, 15, 6),
( 49, 4, 2011, 15, 6),
( 50, 4, 2011, 15, 6),
( 51, 4, 2011, 35, 6),
( 52, 4, 2011, 35, 6),
( 53, 4, 2011, 35, 6),
( 54, 4, 2011, 35, 6),
( 55, 4, 2011, 35, 6),
( 56, 4, 2011, 36, 6),
( 57, 4, 2011, 36, 6),
( 58, 4, 2011, 36, 6),
( 59, 4, 2011, 36, 6),
( 60, 4, 2011, 36, 6),
( 21, 4, 2011, 2, 7),
( 22, 4, 2011, 2, 7),
( 23, 4, 2011, 2, 7),
( 24, 4, 2011, 2, 7),
( 25, 4, 2011, 2, 7),
( 26, 4, 2011, 3, 7),
( 27, 4, 2011, 3, 7),
( 28, 4, 2011, 3, 7),
( 29, 4, 2011, 3, 7),
( 30, 4, 2011, 3, 7),
( 31, 4, 2011, 5, 7),
( 32, 4, 2011, 5, 7),
( 33, 4, 2011, 5, 7),
( 34, 4, 2011, 5, 7),
( 35, 4, 2011, 5, 7),
( 36, 4, 2011, 6, 7),
( 37, 4, 2011, 6, 7),
( 38, 4, 2011, 6, 7),
( 39, 4, 2011, 6, 7),
( 40, 4, 2011, 6, 7),
( 41, 4, 2011, 10, 7),
( 42, 4, 2011, 10, 7),
( 43, 4, 2011, 10, 7),
( 44, 4, 2011, 10, 7),
( 45, 4, 2011, 10, 7),
( 46, 4, 2011, 15, 7),
( 47, 4, 2011, 15, 7),
( 48, 4, 2011, 15, 7),
( 49, 4, 2011, 15, 7),
( 50, 4, 2011, 15, 7),
( 51, 4, 2011, 35, 7),
( 52, 4, 2011, 35, 7),
( 53, 4, 2011, 35, 7),
( 54, 4, 2011, 35, 7),
( 55, 4, 2011, 35, 7),
( 56, 4, 2011, 36, 7),
( 57, 4, 2011, 36, 7),
( 58, 4, 2011, 36, 7),
( 59, 4, 2011, 36, 7),
( 60, 4, 2011, 36, 7),
( 61, 4, 2011, 2, 8),
( 62, 4, 2011, 2, 8),
( 63, 4, 2011, 2, 8),
( 64, 4, 2011, 2, 8),
( 65, 4, 2011, 2, 8),
( 66, 4, 2011, 3, 8),
( 67, 4, 2011, 3, 8),
( 68, 4, 2011, 3, 8),
( 69, 4, 2011, 3, 8),
( 70, 4, 2011, 3, 8),
( 71, 4, 2011, 5, 8),
( 72, 4, 2011, 5, 8),
( 73, 4, 2011, 5, 8),
( 74, 4, 2011, 5, 8),
( 75, 4, 2011, 5, 8),
( 76, 4, 2011, 6, 8),
( 77, 4, 2011, 6, 8),
( 78, 4, 2011, 6, 8),
( 79, 4, 2011, 6, 8),
( 80, 4, 2011, 6, 8),
( 81, 4, 2011, 8, 8),
( 82, 4, 2011, 8, 8),
( 83, 4, 2011, 8, 8),
( 84, 4, 2011, 8, 8),
( 85, 4, 2011, 8, 8),
( 86, 4, 2011, 9, 8),
( 87, 4, 2011, 9, 8),
( 88, 4, 2011, 9, 8),
( 89, 4, 2011, 9, 8),
( 90, 4, 2011, 9, 8),
( 91, 4, 2011, 10, 8),
( 92, 4, 2011, 10, 8),
( 93, 4, 2011, 10, 8),
( 94, 4, 2011, 10, 8),
( 95, 4, 2011, 10, 8),
( 96, 4, 2011, 12, 8),
( 97, 4, 2011, 12, 8),
( 98, 4, 2011, 12, 8),
( 99, 4, 2011, 12, 8),
( 100, 4, 2011, 12, 8),
( 101, 4, 2011, 13, 8),
( 102, 4, 2011, 13, 8),
( 103, 4, 2011, 13, 8),
( 104, 4, 2011, 13, 8),
( 105, 4, 2011, 13, 8),
( 106, 4, 2011, 14, 8),
( 107, 4, 2011, 14, 8),
( 108, 4, 2011, 14, 8),
( 109, 4, 2011, 14, 8),
( 110, 4, 2011, 14, 8),
( 111, 4, 2011, 15, 8),
( 112, 4, 2011, 15, 8),
( 113, 4, 2011, 15, 8),
( 114, 4, 2011, 15, 8),
( 115, 4, 2011, 15, 8),
( 116, 4, 2011, 35, 8),
( 117, 4, 2011, 35, 8),
( 118, 4, 2011, 35, 8),
( 119, 4, 2011, 35, 8),
( 120, 4, 2011, 35, 8),
( 121, 4, 2011, 36, 8),
( 122, 4, 2011, 36, 8),
( 123, 4, 2011, 36, 8),
( 124, 4, 2011, 36, 8),
( 125, 4, 2011, 36, 8),
( 126, 4, 2011, 8, 9),
( 127, 4, 2011, 8, 9),
( 128, 4, 2011, 8, 9),
( 129, 4, 2011, 8, 9),
( 130, 4, 2011, 9, 9),
( 131, 4, 2011, 9, 9),
( 132, 4, 2011, 9, 9),
( 133, 4, 2011, 9, 9),
( 134, 4, 2011, 12, 9),
( 135, 4, 2011, 12, 9),
( 136, 4, 2011, 12, 9),
( 137, 4, 2011, 12, 9),
( 138, 4, 2011, 13, 9),
( 139, 4, 2011, 13, 9),
( 140, 4, 2011, 13, 9),
( 141, 4, 2011, 13, 9),
( 142, 4, 2011, 14, 9),
( 143, 4, 2011, 14, 9),
( 144, 4, 2011, 14, 9),
( 145, 4, 2011, 14, 9),
( 126, 4, 2011, 8, 10),
( 127, 4, 2011, 8, 10),
( 128, 4, 2011, 8, 10),
( 129, 4, 2011, 8, 10),
( 130, 4, 2011, 9, 10),
( 131, 4, 2011, 9, 10),
( 132, 4, 2011, 9, 10),
( 133, 4, 2011, 9, 10),
( 134, 4, 2011, 12, 10),
( 135, 4, 2011, 12, 10),
( 136, 4, 2011, 12, 10),
( 137, 4, 2011, 12, 10),
( 138, 4, 2011, 13, 10),
( 139, 4, 2011, 13, 10),
( 140, 4, 2011, 13, 10),
( 141, 4, 2011, 13, 10),
( 142, 4, 2011, 14, 10),
( 143, 4, 2011, 14, 10),
( 144, 4, 2011, 14, 10),
( 145, 4, 2011, 14, 10),
( 126, 4, 2011, 8, 11),
( 127, 4, 2011, 8, 11),
( 128, 4, 2011, 8, 11),
( 129, 4, 2011, 8, 11),
( 130, 4, 2011, 9, 11),
( 131, 4, 2011, 9, 11),
( 132, 4, 2011, 9, 11),
( 133, 4, 2011, 9, 11),
( 134, 4, 2011, 12, 11),
( 135, 4, 2011, 12, 11),
( 136, 4, 2011, 12, 11),
( 137, 4, 2011, 12, 11),
( 138, 4, 2011, 13, 11),
( 139, 4, 2011, 13, 11),
( 140, 4, 2011, 13, 11),
( 141, 4, 2011, 13, 11),
( 142, 4, 2011, 14, 11),
( 143, 4, 2011, 14, 11),
( 144, 4, 2011, 14, 11),
( 145, 4, 2011, 14, 11),
( 126, 4, 2011, 8, 13),
( 127, 4, 2011, 8, 13),
( 128, 4, 2011, 8, 13),
( 129, 4, 2011, 8, 13),
( 130, 4, 2011, 9, 13),
( 131, 4, 2011, 9, 13),
( 132, 4, 2011, 9, 13),
( 133, 4, 2011, 9, 13),
( 134, 4, 2011, 12, 13),
( 135, 4, 2011, 12, 13),
( 136, 4, 2011, 12, 13),
( 137, 4, 2011, 12, 13),
( 138, 4, 2011, 13, 13),
( 139, 4, 2011, 13, 13),
( 140, 4, 2011, 13, 13),
( 141, 4, 2011, 13, 13),
( 142, 4, 2011, 14, 13),
( 143, 4, 2011, 14, 13),
( 144, 4, 2011, 14, 13),
( 145, 4, 2011, 14, 13),
( 126, 4, 2011, 8, 14),
( 127, 4, 2011, 8, 14),
( 128, 4, 2011, 8, 14),
( 129, 4, 2011, 8, 14),
( 130, 4, 2011, 9, 14),
( 131, 4, 2011, 9, 14),
( 132, 4, 2011, 9, 14),
( 133, 4, 2011, 9, 14),
( 134, 4, 2011, 12, 14),
( 135, 4, 2011, 12, 14),
( 136, 4, 2011, 12, 14),
( 137, 4, 2011, 12, 14),
( 138, 4, 2011, 13, 14),
( 139, 4, 2011, 13, 14),
( 140, 4, 2011, 13, 14),
( 141, 4, 2011, 13, 14),
( 142, 4, 2011, 14, 14),
( 143, 4, 2011, 14, 14),
( 144, 4, 2011, 14, 14),
( 145, 4, 2011, 14, 14),
( 126, 4, 2011, 8, 15),
( 127, 4, 2011, 8, 15),
( 128, 4, 2011, 8, 15),
( 129, 4, 2011, 8, 15),
( 130, 4, 2011, 9, 15),
( 131, 4, 2011, 9, 15),
( 132, 4, 2011, 9, 15),
( 133, 4, 2011, 9, 15),
( 134, 4, 2011, 12, 15),
( 135, 4, 2011, 12, 15),
( 136, 4, 2011, 12, 15),
( 137, 4, 2011, 12, 15),
( 138, 4, 2011, 13, 15),
( 139, 4, 2011, 13, 15),
( 140, 4, 2011, 13, 15),
( 141, 4, 2011, 13, 15),
( 142, 4, 2011, 14, 15),
( 143, 4, 2011, 14, 15),
( 144, 4, 2011, 14, 15),
( 145, 4, 2011, 14, 15),
( 126, 4, 2011, 8, 17),
( 127, 4, 2011, 8, 17),
( 128, 4, 2011, 8, 17),
( 129, 4, 2011, 8, 17),
( 130, 4, 2011, 9, 17),
( 131, 4, 2011, 9, 17),
( 132, 4, 2011, 9, 17),
( 133, 4, 2011, 9, 17),
( 134, 4, 2011, 12, 17),
( 135, 4, 2011, 12, 17),
( 136, 4, 2011, 12, 17),
( 137, 4, 2011, 12, 17),
( 138, 4, 2011, 13, 17),
( 139, 4, 2011, 13, 17),
( 140, 4, 2011, 13, 17),
( 141, 4, 2011, 13, 17),
( 142, 4, 2011, 14, 17),
( 143, 4, 2011, 14, 17),
( 144, 4, 2011, 14, 17),
( 145, 4, 2011, 14, 17),
( 126, 4, 2011, 8, 18),
( 127, 4, 2011, 8, 18),
( 128, 4, 2011, 8, 18),
( 129, 4, 2011, 8, 18),
( 130, 4, 2011, 9, 18),
( 131, 4, 2011, 9, 18),
( 132, 4, 2011, 9, 18),
( 133, 4, 2011, 9, 18),
( 134, 4, 2011, 12, 18),
( 135, 4, 2011, 12, 18),
( 136, 4, 2011, 12, 18),
( 137, 4, 2011, 12, 18),
( 138, 4, 2011, 13, 18),
( 139, 4, 2011, 13, 18),
( 140, 4, 2011, 13, 18),
( 141, 4, 2011, 13, 18),
( 142, 4, 2011, 14, 18),
( 143, 4, 2011, 14, 18),
( 144, 4, 2011, 14, 18),
( 145, 4, 2011, 14, 18),
( 126, 4, 2011, 8, 19),
( 127, 4, 2011, 8, 19),
( 128, 4, 2011, 8, 19),
( 129, 4, 2011, 8, 19),
( 130, 4, 2011, 9, 19),
( 131, 4, 2011, 9, 19),
( 132, 4, 2011, 9, 19),
( 133, 4, 2011, 9, 19),
( 134, 4, 2011, 12, 19),
( 135, 4, 2011, 12, 19),
( 136, 4, 2011, 12, 19),
( 137, 4, 2011, 12, 19),
( 138, 4, 2011, 13, 19),
( 139, 4, 2011, 13, 19),
( 140, 4, 2011, 13, 19),
( 141, 4, 2011, 13, 19),
( 142, 4, 2011, 14, 19),
( 143, 4, 2011, 14, 19),
( 144, 4, 2011, 14, 19),
( 145, 4, 2011, 14, 19),
( 126, 4, 2011, 8, 20),
( 127, 4, 2011, 8, 20),
( 128, 4, 2011, 8, 20),
( 129, 4, 2011, 8, 20),
( 130, 4, 2011, 9, 20),
( 131, 4, 2011, 9, 20),
( 132, 4, 2011, 9, 20),
( 133, 4, 2011, 9, 20),
( 134, 4, 2011, 12, 20),
( 135, 4, 2011, 12, 20),
( 136, 4, 2011, 12, 20),
( 137, 4, 2011, 12, 20),
( 138, 4, 2011, 13, 20),
( 139, 4, 2011, 13, 20),
( 140, 4, 2011, 13, 20),
( 141, 4, 2011, 13, 20),
( 142, 4, 2011, 14, 20),
( 143, 4, 2011, 14, 20),
( 144, 4, 2011, 14, 20),
( 145, 4, 2011, 14, 20),
( 126, 4, 2011, 8, 21),
( 127, 4, 2011, 8, 21),
( 128, 4, 2011, 8, 21),
( 129, 4, 2011, 8, 21),
( 130, 4, 2011, 9, 21),
( 131, 4, 2011, 9, 21),
( 132, 4, 2011, 9, 21),
( 133, 4, 2011, 9, 21),
( 134, 4, 2011, 12, 21),
( 135, 4, 2011, 12, 21),
( 136, 4, 2011, 12, 21),
( 137, 4, 2011, 12, 21),
( 138, 4, 2011, 13, 21),
( 139, 4, 2011, 13, 21),
( 140, 4, 2011, 13, 21),
( 141, 4, 2011, 13, 21),
( 142, 4, 2011, 14, 21),
( 143, 4, 2011, 14, 21),
( 144, 4, 2011, 14, 21),
( 145, 4, 2011, 14, 21),
( 126, 4, 2011, 8, 22),
( 127, 4, 2011, 8, 22),
( 128, 4, 2011, 8, 22),
( 129, 4, 2011, 8, 22),
( 130, 4, 2011, 9, 22),
( 131, 4, 2011, 9, 22),
( 132, 4, 2011, 9, 22),
( 133, 4, 2011, 9, 22),
( 134, 4, 2011, 12, 22),
( 135, 4, 2011, 12, 22),
( 136, 4, 2011, 12, 22),
( 137, 4, 2011, 12, 22),
( 138, 4, 2011, 13, 22),
( 139, 4, 2011, 13, 22),
( 140, 4, 2011, 13, 22),
( 141, 4, 2011, 13, 22),
( 142, 4, 2011, 14, 22),
( 143, 4, 2011, 14, 22),
( 144, 4, 2011, 14, 22),
( 145, 4, 2011, 14, 22),
( 21, 4, 2011, 2, 9),
( 22, 4, 2011, 2, 9),
( 23, 4, 2011, 2, 9),
( 24, 4, 2011, 2, 9),
( 25, 4, 2011, 2, 9),
( 26, 4, 2011, 3, 9),
( 27, 4, 2011, 3, 9),
( 28, 4, 2011, 3, 9),
( 29, 4, 2011, 3, 9),
( 30, 4, 2011, 3, 9),
( 31, 4, 2011, 5, 9),
( 32, 4, 2011, 5, 9),
( 33, 4, 2011, 5, 9),
( 34, 4, 2011, 5, 9),
( 35, 4, 2011, 5, 9),
( 36, 4, 2011, 6, 9),
( 37, 4, 2011, 6, 9),
( 38, 4, 2011, 6, 9),
( 39, 4, 2011, 6, 9),
( 40, 4, 2011, 6, 9),
( 41, 4, 2011, 10, 9),
( 42, 4, 2011, 10, 9),
( 43, 4, 2011, 10, 9),
( 44, 4, 2011, 10, 9),
( 45, 4, 2011, 10, 9),
( 46, 4, 2011, 15, 9),
( 47, 4, 2011, 15, 9),
( 48, 4, 2011, 15, 9),
( 49, 4, 2011, 15, 9),
( 50, 4, 2011, 15, 9),
( 51, 4, 2011, 35, 9),
( 52, 4, 2011, 35, 9),
( 53, 4, 2011, 35, 9),
( 54, 4, 2011, 35, 9),
( 55, 4, 2011, 35, 9),
( 56, 4, 2011, 36, 9),
( 57, 4, 2011, 36, 9),
( 58, 4, 2011, 36, 9),
( 59, 4, 2011, 36, 9),
( 60, 4, 2011, 36, 9),
( 21, 4, 2011, 2, 10),
( 22, 4, 2011, 2, 10),
( 23, 4, 2011, 2, 10),
( 24, 4, 2011, 2, 10),
( 25, 4, 2011, 2, 10),
( 26, 4, 2011, 3, 10),
( 27, 4, 2011, 3, 10),
( 28, 4, 2011, 3, 10),
( 29, 4, 2011, 3, 10),
( 30, 4, 2011, 3, 10),
( 31, 4, 2011, 5, 10),
( 32, 4, 2011, 5, 10),
( 33, 4, 2011, 5, 10),
( 34, 4, 2011, 5, 10),
( 35, 4, 2011, 5, 10),
( 36, 4, 2011, 6, 10),
( 37, 4, 2011, 6, 10),
( 38, 4, 2011, 6, 10),
( 39, 4, 2011, 6, 10),
( 40, 4, 2011, 6, 10),
( 41, 4, 2011, 10, 10),
( 42, 4, 2011, 10, 10),
( 43, 4, 2011, 10, 10),
( 44, 4, 2011, 10, 10),
( 45, 4, 2011, 10, 10),
( 46, 4, 2011, 15, 10),
( 47, 4, 2011, 15, 10),
( 48, 4, 2011, 15, 10),
( 49, 4, 2011, 15, 10),
( 50, 4, 2011, 15, 10),
( 51, 4, 2011, 35, 10),
( 52, 4, 2011, 35, 10),
( 53, 4, 2011, 35, 10),
( 54, 4, 2011, 35, 10),
( 55, 4, 2011, 35, 10),
( 56, 4, 2011, 36, 10),
( 57, 4, 2011, 36, 10),
( 58, 4, 2011, 36, 10),
( 59, 4, 2011, 36, 10),
( 60, 4, 2011, 36, 10),
( 21, 4, 2011, 2, 11),
( 22, 4, 2011, 2, 11),
( 23, 4, 2011, 2, 11),
( 24, 4, 2011, 2, 11),
( 25, 4, 2011, 2, 11),
( 26, 4, 2011, 3, 11),
( 27, 4, 2011, 3, 11),
( 28, 4, 2011, 3, 11),
( 29, 4, 2011, 3, 11),
( 30, 4, 2011, 3, 11),
( 31, 4, 2011, 5, 11),
( 32, 4, 2011, 5, 11),
( 33, 4, 2011, 5, 11),
( 34, 4, 2011, 5, 11),
( 35, 4, 2011, 5, 11),
( 36, 4, 2011, 6, 11),
( 37, 4, 2011, 6, 11),
( 38, 4, 2011, 6, 11),
( 39, 4, 2011, 6, 11),
( 40, 4, 2011, 6, 11),
( 41, 4, 2011, 10, 11),
( 42, 4, 2011, 10, 11),
( 43, 4, 2011, 10, 11),
( 44, 4, 2011, 10, 11),
( 45, 4, 2011, 10, 11),
( 46, 4, 2011, 15, 11),
( 47, 4, 2011, 15, 11),
( 48, 4, 2011, 15, 11),
( 49, 4, 2011, 15, 11),
( 50, 4, 2011, 15, 11),
( 51, 4, 2011, 35, 11),
( 52, 4, 2011, 35, 11),
( 53, 4, 2011, 35, 11),
( 54, 4, 2011, 35, 11),
( 55, 4, 2011, 35, 11),
( 56, 4, 2011, 36, 11),
( 57, 4, 2011, 36, 11),
( 58, 4, 2011, 36, 11),
( 59, 4, 2011, 36, 11),
( 60, 4, 2011, 36, 11),
( 21, 4, 2011, 2, 13),
( 22, 4, 2011, 2, 13),
( 23, 4, 2011, 2, 13),
( 24, 4, 2011, 2, 13),
( 25, 4, 2011, 2, 13),
( 26, 4, 2011, 3, 13),
( 27, 4, 2011, 3, 13),
( 28, 4, 2011, 3, 13),
( 29, 4, 2011, 3, 13),
( 30, 4, 2011, 3, 13),
( 31, 4, 2011, 5, 13),
( 32, 4, 2011, 5, 13),
( 33, 4, 2011, 5, 13),
( 34, 4, 2011, 5, 13),
( 35, 4, 2011, 5, 13),
( 36, 4, 2011, 6, 13),
( 37, 4, 2011, 6, 13),
( 38, 4, 2011, 6, 13),
( 39, 4, 2011, 6, 13),
( 40, 4, 2011, 6, 13),
( 41, 4, 2011, 10, 13),
( 42, 4, 2011, 10, 13),
( 43, 4, 2011, 10, 13),
( 44, 4, 2011, 10, 13),
( 45, 4, 2011, 10, 13),
( 46, 4, 2011, 15, 13),
( 47, 4, 2011, 15, 13),
( 48, 4, 2011, 15, 13),
( 49, 4, 2011, 15, 13),
( 50, 4, 2011, 15, 13),
( 51, 4, 2011, 35, 13),
( 52, 4, 2011, 35, 13),
( 53, 4, 2011, 35, 13),
( 54, 4, 2011, 35, 13),
( 55, 4, 2011, 35, 13),
( 56, 4, 2011, 36, 13),
( 57, 4, 2011, 36, 13),
( 58, 4, 2011, 36, 13),
( 59, 4, 2011, 36, 13),
( 60, 4, 2011, 36, 13),
( 21, 4, 2011, 2, 14),
( 22, 4, 2011, 2, 14),
( 23, 4, 2011, 2, 14),
( 24, 4, 2011, 2, 14),
( 25, 4, 2011, 2, 14),
( 26, 4, 2011, 3, 14),
( 27, 4, 2011, 3, 14),
( 28, 4, 2011, 3, 14),
( 29, 4, 2011, 3, 14),
( 30, 4, 2011, 3, 14),
( 31, 4, 2011, 5, 14),
( 32, 4, 2011, 5, 14),
( 33, 4, 2011, 5, 14),
( 34, 4, 2011, 5, 14),
( 35, 4, 2011, 5, 14),
( 36, 4, 2011, 6, 14),
( 37, 4, 2011, 6, 14),
( 38, 4, 2011, 6, 14),
( 39, 4, 2011, 6, 14),
( 40, 4, 2011, 6, 14),
( 41, 4, 2011, 10, 14),
( 42, 4, 2011, 10, 14),
( 43, 4, 2011, 10, 14),
( 44, 4, 2011, 10, 14),
( 45, 4, 2011, 10, 14),
( 46, 4, 2011, 15, 14),
( 47, 4, 2011, 15, 14),
( 48, 4, 2011, 15, 14),
( 49, 4, 2011, 15, 14),
( 50, 4, 2011, 15, 14),
( 51, 4, 2011, 35, 14),
( 52, 4, 2011, 35, 14),
( 53, 4, 2011, 35, 14),
( 54, 4, 2011, 35, 14),
( 55, 4, 2011, 35, 14),
( 56, 4, 2011, 36, 14),
( 57, 4, 2011, 36, 14),
( 58, 4, 2011, 36, 14),
( 59, 4, 2011, 36, 14),
( 60, 4, 2011, 36, 14),
( 21, 4, 2011, 2, 15),
( 22, 4, 2011, 2, 15),
( 23, 4, 2011, 2, 15),
( 24, 4, 2011, 2, 15),
( 25, 4, 2011, 2, 15),
( 26, 4, 2011, 3, 15),
( 27, 4, 2011, 3, 15),
( 28, 4, 2011, 3, 15),
( 29, 4, 2011, 3, 15),
( 30, 4, 2011, 3, 15),
( 31, 4, 2011, 5, 15),
( 32, 4, 2011, 5, 15),
( 33, 4, 2011, 5, 15),
( 34, 4, 2011, 5, 15),
( 35, 4, 2011, 5, 15),
( 36, 4, 2011, 6, 15),
( 37, 4, 2011, 6, 15),
( 38, 4, 2011, 6, 15),
( 39, 4, 2011, 6, 15),
( 40, 4, 2011, 6, 15),
( 41, 4, 2011, 10, 15),
( 42, 4, 2011, 10, 15),
( 43, 4, 2011, 10, 15),
( 44, 4, 2011, 10, 15),
( 45, 4, 2011, 10, 15),
( 46, 4, 2011, 15, 15),
( 47, 4, 2011, 15, 15),
( 48, 4, 2011, 15, 15),
( 49, 4, 2011, 15, 15),
( 50, 4, 2011, 15, 15),
( 51, 4, 2011, 35, 15),
( 52, 4, 2011, 35, 15),
( 53, 4, 2011, 35, 15),
( 54, 4, 2011, 35, 15),
( 55, 4, 2011, 35, 15),
( 56, 4, 2011, 36, 15),
( 57, 4, 2011, 36, 15),
( 58, 4, 2011, 36, 15),
( 59, 4, 2011, 36, 15),
( 60, 4, 2011, 36, 15),
( 21, 4, 2011, 2, 17),
( 22, 4, 2011, 2, 17),
( 23, 4, 2011, 2, 17),
( 24, 4, 2011, 2, 17),
( 25, 4, 2011, 2, 17),
( 26, 4, 2011, 3, 17),
( 27, 4, 2011, 3, 17),
( 28, 4, 2011, 3, 17),
( 29, 4, 2011, 3, 17),
( 30, 4, 2011, 3, 17),
( 31, 4, 2011, 5, 17),
( 32, 4, 2011, 5, 17),
( 33, 4, 2011, 5, 17),
( 34, 4, 2011, 5, 17),
( 35, 4, 2011, 5, 17),
( 36, 4, 2011, 6, 17),
( 37, 4, 2011, 6, 17),
( 38, 4, 2011, 6, 17),
( 39, 4, 2011, 6, 17),
( 40, 4, 2011, 6, 17),
( 41, 4, 2011, 10, 17),
( 42, 4, 2011, 10, 17),
( 43, 4, 2011, 10, 17),
( 44, 4, 2011, 10, 17),
( 45, 4, 2011, 10, 17),
( 46, 4, 2011, 15, 17),
( 47, 4, 2011, 15, 17),
( 48, 4, 2011, 15, 17),
( 49, 4, 2011, 15, 17),
( 50, 4, 2011, 15, 17),
( 51, 4, 2011, 35, 17),
( 52, 4, 2011, 35, 17),
( 53, 4, 2011, 35, 17),
( 54, 4, 2011, 35, 17),
( 55, 4, 2011, 35, 17),
( 56, 4, 2011, 36, 17),
( 57, 4, 2011, 36, 17),
( 58, 4, 2011, 36, 17),
( 59, 4, 2011, 36, 17),
( 60, 4, 2011, 36, 17),
( 21, 4, 2011, 2, 18),
( 22, 4, 2011, 2, 18),
( 23, 4, 2011, 2, 18),
( 24, 4, 2011, 2, 18),
( 25, 4, 2011, 2, 18),
( 26, 4, 2011, 3, 18),
( 27, 4, 2011, 3, 18),
( 28, 4, 2011, 3, 18),
( 29, 4, 2011, 3, 18),
( 30, 4, 2011, 3, 18),
( 31, 4, 2011, 5, 18),
( 32, 4, 2011, 5, 18),
( 33, 4, 2011, 5, 18),
( 34, 4, 2011, 5, 18),
( 35, 4, 2011, 5, 18),
( 36, 4, 2011, 6, 18),
( 37, 4, 2011, 6, 18),
( 38, 4, 2011, 6, 18),
( 39, 4, 2011, 6, 18),
( 40, 4, 2011, 6, 18),
( 41, 4, 2011, 10, 18),
( 42, 4, 2011, 10, 18),
( 43, 4, 2011, 10, 18),
( 44, 4, 2011, 10, 18),
( 45, 4, 2011, 10, 18),
( 46, 4, 2011, 15, 18),
( 47, 4, 2011, 15, 18),
( 48, 4, 2011, 15, 18),
( 49, 4, 2011, 15, 18),
( 50, 4, 2011, 15, 18),
( 51, 4, 2011, 35, 18),
( 52, 4, 2011, 35, 18),
( 53, 4, 2011, 35, 18),
( 54, 4, 2011, 35, 18),
( 55, 4, 2011, 35, 18),
( 56, 4, 2011, 36, 18),
( 57, 4, 2011, 36, 18),
( 58, 4, 2011, 36, 18),
( 59, 4, 2011, 36, 18),
( 60, 4, 2011, 36, 18),
( 21, 4, 2011, 2, 19),
( 22, 4, 2011, 2, 19),
( 23, 4, 2011, 2, 19),
( 24, 4, 2011, 2, 19),
( 25, 4, 2011, 2, 19),
( 26, 4, 2011, 3, 19),
( 27, 4, 2011, 3, 19),
( 28, 4, 2011, 3, 19),
( 29, 4, 2011, 3, 19),
( 30, 4, 2011, 3, 19),
( 31, 4, 2011, 5, 19),
( 32, 4, 2011, 5, 19),
( 33, 4, 2011, 5, 19),
( 34, 4, 2011, 5, 19),
( 35, 4, 2011, 5, 19),
( 36, 4, 2011, 6, 19),
( 37, 4, 2011, 6, 19),
( 38, 4, 2011, 6, 19),
( 39, 4, 2011, 6, 19),
( 40, 4, 2011, 6, 19),
( 41, 4, 2011, 10, 19),
( 42, 4, 2011, 10, 19),
( 43, 4, 2011, 10, 19),
( 44, 4, 2011, 10, 19),
( 45, 4, 2011, 10, 19),
( 46, 4, 2011, 15, 19),
( 47, 4, 2011, 15, 19),
( 48, 4, 2011, 15, 19),
( 49, 4, 2011, 15, 19),
( 50, 4, 2011, 15, 19),
( 51, 4, 2011, 35, 19),
( 52, 4, 2011, 35, 19),
( 53, 4, 2011, 35, 19),
( 54, 4, 2011, 35, 19),
( 55, 4, 2011, 35, 19),
( 56, 4, 2011, 36, 19),
( 57, 4, 2011, 36, 19),
( 58, 4, 2011, 36, 19),
( 59, 4, 2011, 36, 19),
( 60, 4, 2011, 36, 19),
( 21, 4, 2011, 2, 20),
( 22, 4, 2011, 2, 20),
( 23, 4, 2011, 2, 20),
( 24, 4, 2011, 2, 20),
( 25, 4, 2011, 2, 20),
( 26, 4, 2011, 3, 20),
( 27, 4, 2011, 3, 20),
( 28, 4, 2011, 3, 20),
( 29, 4, 2011, 3, 20),
( 30, 4, 2011, 3, 20),
( 31, 4, 2011, 5, 20),
( 32, 4, 2011, 5, 20),
( 33, 4, 2011, 5, 20),
( 34, 4, 2011, 5, 20),
( 35, 4, 2011, 5, 20),
( 36, 4, 2011, 6, 20),
( 37, 4, 2011, 6, 20),
( 38, 4, 2011, 6, 20),
( 39, 4, 2011, 6, 20),
( 40, 4, 2011, 6, 20),
( 41, 4, 2011, 10, 20),
( 42, 4, 2011, 10, 20),
( 43, 4, 2011, 10, 20),
( 44, 4, 2011, 10, 20),
( 45, 4, 2011, 10, 20),
( 46, 4, 2011, 15, 20),
( 47, 4, 2011, 15, 20),
( 48, 4, 2011, 15, 20),
( 49, 4, 2011, 15, 20),
( 50, 4, 2011, 15, 20),
( 51, 4, 2011, 35, 20),
( 52, 4, 2011, 35, 20),
( 53, 4, 2011, 35, 20),
( 54, 4, 2011, 35, 20),
( 55, 4, 2011, 35, 20),
( 56, 4, 2011, 36, 20),
( 57, 4, 2011, 36, 20),
( 58, 4, 2011, 36, 20),
( 59, 4, 2011, 36, 20),
( 60, 4, 2011, 36, 20),
( 21, 4, 2011, 2, 21),
( 22, 4, 2011, 2, 21),
( 23, 4, 2011, 2, 21),
( 24, 4, 2011, 2, 21),
( 25, 4, 2011, 2, 21),
( 26, 4, 2011, 3, 21),
( 27, 4, 2011, 3, 21),
( 28, 4, 2011, 3, 21),
( 29, 4, 2011, 3, 21),
( 30, 4, 2011, 3, 21),
( 31, 4, 2011, 5, 21),
( 32, 4, 2011, 5, 21),
( 33, 4, 2011, 5, 21),
( 34, 4, 2011, 5, 21),
( 35, 4, 2011, 5, 21),
( 36, 4, 2011, 6, 21),
( 37, 4, 2011, 6, 21),
( 38, 4, 2011, 6, 21),
( 39, 4, 2011, 6, 21),
( 40, 4, 2011, 6, 21),
( 41, 4, 2011, 10, 21),
( 42, 4, 2011, 10, 21),
( 43, 4, 2011, 10, 21),
( 44, 4, 2011, 10, 21),
( 45, 4, 2011, 10, 21),
( 46, 4, 2011, 15, 21),
( 47, 4, 2011, 15, 21),
( 48, 4, 2011, 15, 21),
( 49, 4, 2011, 15, 21),
( 50, 4, 2011, 15, 21),
( 51, 4, 2011, 35, 21),
( 52, 4, 2011, 35, 21),
( 53, 4, 2011, 35, 21),
( 54, 4, 2011, 35, 21),
( 55, 4, 2011, 35, 21),
( 56, 4, 2011, 36, 21),
( 57, 4, 2011, 36, 21),
( 58, 4, 2011, 36, 21),
( 59, 4, 2011, 36, 21),
( 60, 4, 2011, 36, 21),
( 21, 4, 2011, 2, 22),
( 22, 4, 2011, 2, 22),
( 23, 4, 2011, 2, 22),
( 24, 4, 2011, 2, 22),
( 25, 4, 2011, 2, 22),
( 26, 4, 2011, 3, 22),
( 27, 4, 2011, 3, 22),
( 28, 4, 2011, 3, 22),
( 29, 4, 2011, 3, 22),
( 30, 4, 2011, 3, 22),
( 31, 4, 2011, 5, 22),
( 32, 4, 2011, 5, 22),
( 33, 4, 2011, 5, 22),
( 34, 4, 2011, 5, 22),
( 35, 4, 2011, 5, 22),
( 36, 4, 2011, 6, 22),
( 37, 4, 2011, 6, 22),
( 38, 4, 2011, 6, 22),
( 39, 4, 2011, 6, 22),
( 40, 4, 2011, 6, 22),
( 41, 4, 2011, 10, 22),
( 42, 4, 2011, 10, 22),
( 43, 4, 2011, 10, 22),
( 44, 4, 2011, 10, 22),
( 45, 4, 2011, 10, 22),
( 46, 4, 2011, 15, 22),
( 47, 4, 2011, 15, 22),
( 48, 4, 2011, 15, 22),
( 49, 4, 2011, 15, 22),
( 50, 4, 2011, 15, 22),
( 51, 4, 2011, 35, 22),
( 52, 4, 2011, 35, 22),
( 53, 4, 2011, 35, 22),
( 54, 4, 2011, 35, 22),
( 55, 4, 2011, 35, 22),
( 56, 4, 2011, 36, 22),
( 57, 4, 2011, 36, 22),
( 58, 4, 2011, 36, 22),
( 59, 4, 2011, 36, 22),
( 60, 4, 2011, 36, 22),
( 146, 4, 2011, 2, 16),
( 147, 4, 2011, 2, 16),
( 148, 4, 2011, 2, 16),
( 149, 4, 2011, 2, 16),
( 150, 4, 2011, 3, 16),
( 151, 4, 2011, 3, 16),
( 152, 4, 2011, 3, 16),
( 153, 4, 2011, 3, 16),
( 154, 4, 2011, 5, 16),
( 155, 4, 2011, 5, 16),
( 156, 4, 2011, 5, 16),
( 157, 4, 2011, 5, 16),
( 158, 4, 2011, 6, 16),
( 159, 4, 2011, 6, 16),
( 160, 4, 2011, 6, 16),
( 161, 4, 2011, 6, 16),
( 162, 4, 2011, 8, 16),
( 163, 4, 2011, 8, 16),
( 164, 4, 2011, 8, 16),
( 165, 4, 2011, 8, 16),
( 166, 4, 2011, 9, 16),
( 167, 4, 2011, 9, 16),
( 168, 4, 2011, 9, 16),
( 169, 4, 2011, 9, 16),
( 170, 4, 2011, 10, 16),
( 171, 4, 2011, 10, 16),
( 172, 4, 2011, 10, 16),
( 173, 4, 2011, 10, 16),
( 174, 4, 2011, 12, 16),
( 175, 4, 2011, 12, 16),
( 176, 4, 2011, 12, 16),
( 177, 4, 2011, 12, 16),
( 178, 4, 2011, 13, 16),
( 179, 4, 2011, 13, 16),
( 180, 4, 2011, 13, 16),
( 181, 4, 2011, 13, 16),
( 182, 4, 2011, 14, 16),
( 183, 4, 2011, 14, 16),
( 184, 4, 2011, 14, 16),
( 185, 4, 2011, 14, 16),
( 186, 4, 2011, 15, 16),
( 187, 4, 2011, 15, 16),
( 188, 4, 2011, 15, 16),
( 189, 4, 2011, 15, 16),
( 190, 4, 2011, 35, 16),
( 191, 4, 2011, 35, 16),
( 192, 4, 2011, 35, 16),
( 193, 4, 2011, 35, 16),
( 194, 4, 2011, 36, 16),
( 195, 4, 2011, 36, 16),
( 196, 4, 2011, 36, 16),
( 197, 4, 2011, 36, 16);
